
1962250
1326050
2000620
1983310
1435490
1952410
1326350
1642410
1318900
1891910
1269380
1728990
1994340
1946910
1316940
1773610
1711660
1306960
1644470
1408750
1862510
1521350
2013960
1956080
2052620
1970810
1996150
1623800
1657300
1918910
1542830
1673170
1960130
1299640
1962300
1304570
1689380
1402240
1566760
1325440
1661050
1318330
1296380
1668900
2017070
1328020
1669540
1402040
1317520
1858800
1298290
1298810
1660830
1540750
1440660
1546700
1427500
2015590
1587270
1414880
2008190
1478280
1399330
1999410
1965500
1501430
1997350
1444960
2020200
2001820
2011390
2008660
1536450
1628320
1402730
1663350
1662780
1542320
2011450
2027500
2012150
1958450
1316620
1325810
2023830
1320210
1960940
1316320
2020900
2013570
1960420
1992330
2001950
1987740
1631550
1795590
2020390
2051930
1968070
1915640
1967600
2015980
1608030
1821470
1961700
2018680
2008970
1823240
1532890
1954700
1765110
1516740
1617250
1961350
2021160
1952610
1381540
1732040
2027020
1989400
1401770
1402220
1538560
2020970
1973520
2001600
1652820
1412920
1514800
2052930
1443140
2027800
1454210
1935700
2020740
1975870
1519460
1861790
1542940
1982770
1779140
1652590
1544870
2006880
1488520
2005620
1934170
1963820
1966320
1907530
1475720
2023410
1535890
1993040
1974180
1524600
1490520
1659850
1870820
1479410
1494880
1657370
1982580
1985480
2014190
1951270
1509490
2020580
1666060
1647370
1939030
1609400
1960410
1902000
1418080
1996120
2004310
2013490
1489260
1588990
2020720
1664330
1596960
1539230
2003890
1995150
1544800
1955660
1597620
2020280
2023040
1660720
1658130
1958840
1535020
1654650
2024540
1566650
1950100
2018150
1935390
2055520
1776770
1937870
2007090
1936340
1961900
1651040
1957050
2053720
1591790
1911480
2020360
1961360
1728790
1657940
1961470
2018650
1568140
1996400
1702520
1807180
1985330
2009590
2019030
2014290
2008160
2022940
1574520
1648710
1660650
1652790
1670400
1578510
2019500
1728930
1658790
1597380
1642240
1643110
1665410
1602790
1590350
1588800
1617810
1589960
1812190
1948710
1642370
1730200
1601490
1950740
1895510
2018390
2020060
2008540
1606070
2017310
1658380
1724820
2054550
1591770
2017650
1966350
1618670
2019930
2018770
1969580
1658690
2019780
1897620
2003720
1921800
1703590
2053120
1965810
1659660
2014640
1978270
1976790
1647340
1925260
1624650
1919890
1970390
2018970
2005940
2017180
2026360
2022840
1898230
2016360
1904110
1823960
2013100
1629540
2010590
1947590
2013470
1969660
2016870
2018880
1644570
1961070
1926150
2021490
1805630
1652470
1971060
2020300
2020760
2027080
1891180
1966250
2018890
1668370
2025400
2013450
2051430
1868690
2020250
1796730
1761410
2021420
2018400
1878860
1714870
1893610
2023750
2016520
1979710
1991730
1940810
1947770
1768760
1996480
1975740
1997000
1977400
1972530
2015350
2053420
2025690
1984700
1958030
2020320
1728070
2003820
1790660
2018180
1935010
1798960
2022730
1650980
2051980
1875010
1704580
2052500
2026320
1980960
2002040
2016340
1985730
1969090
2026780
1996110
2008690
1871320
2009680
2012230
1988180
1923260
2012870
1992690
1866520
1881400
1923980
1999580
1970990
1887210
1771080
1723670
1806390
1999420
2003480
2004920
2004470
1775280
2051950
1962280
2006100
1819910
2013940
1993250
2014250
1977180
1732200
1957290
2052850
1947520
1979870
1792420
2014710
1835900
1979780
1999640
1871040
2024000
1797920
2026680
2019450
1935650
1899510
1794080
2018590
1946920
1993500
1835990
1952660
2010810
1775910
1835300
1799640
1835130
1976010
2001100
1750730
1840680
1988450
1768750
1866550
1757070
1924750
1868660
1985280
1964660
2005200
1799540
1772290
2022200
1768290
1852270
1865190
2027770
2023660
1949060
1988160
2022870
2008140
1806990
1779820
1914860
2025010
1946500
2011050
1969270
1979250
2019430
2004150
1953480
1973340
1943320
2001740
1789610
1794260
1984780
1976560
1970130
1935260
1814760
1867220
2055080
1926580
1891730
2022660
1977650
1966050
2022240
1987850
1975630
2009910
1913910
1987090
2052470
1943100
1879930
1921420
1928720
2004560
1995140
2009710
1950260
2013260
2020940
1967720
1966710
2020140
2011380
1982570
1984970
2027980
2053480
1897390
1963380
1992720
2010430
2017710
2052330
2050410
1971040
1846110
2003780
1859440
1932930
2026620
1990750
1951360
2012480
2020810
1917250
2017280
1888400
1979750
2013410
1992900
1956540
1969290
2002490
2054630
1995860
2005840
1953290
1975200
1994250
1923370
1982780
1893160
1894180
1866940
2026200
1960960
1933200
1990150
1953160
2021450
1982710
1952700
1956010
2019900
1891050
1954140
2057480
1870980
2006850
1952070
2027640
2016920
2015920
2055340
1942800
1949430
1999690
2021890
1986090
1978530
2006780
2018710
2015870
1842420
1977820
2020230
2051800
1840930
2017240
2022340
1964160
1849030
1964170
2024960
1977020
2002750
1960750
2056140
2006980
2020370
2050880
2021150
1907160
2018630
2013560
1949530
1849180
1903010
1910640
1913650
2021470
1856960
1984500
1996960
2015150
1997760
1866270
1932090
1857820
1949450
2000640
1913390
2009810
1956450
2014700
2018170
1955460
1952110
2020050
1988840
1864920
1843210
1913340
2011660
1997820
2003250
1888250
1877740
2017250
2006590
2004690
1923740
2001450
1999480
1976340
1887390
1973120
1932620
2020410
1972620
1928170
1891200
2018090
2019120
1916030
1904340
1971550
2007330
1949070
1899860
2051550
1976370
2012810
1892480
1989590
1972430
1987430
1978770
1960370
1980210
2013930
2012400
1951770
1948070
1933120
1898800
2014730
1997720
1921410
1900840
1901080
2050240
1908910
2006240
2022430
1990640
1993020
1990120
1907840
2003850
1981150
1909110
1920220
1986140
2024020
1983440
1915390
1910940
1911210
1962620
1964390
1924260
1975250
1967080
1989830
1978600
1919660
2013310
1929920
1898510
1948270
1917690
1989550
1985890
1962830
1966760
1998480
1963700
1936870
1970880
1932510
1959270
1996860
2026220
1963650
1983040
2051070
2016930
2014450
1996950
1920590
2012350
2026610
2000080
1943900
2012110
2056950
2002910
1956150
2021920
1948610
2025940
2016630
1942090
2018690
1988480
2054840
1977080
2010090
2010230
1988220
1935270
1977210
2018470
1946800
2022720
1954220
1981280
2055610
2006150
1972700
1986260
2024060
2001550
2001540
1965510
1999440
1987930
1949830
1977860
1983030
1945830
1980110
1990170
1955430
1947760
1947830
1947840
2024200
1936910
1941560
1948320
2012130
2018800
1937760
1959590
2055040
2009870
2012060
2022320
1962340
2013980
1992910
2011680
1958110
1988420
1981990
2051790
1988230
2017320
2054960
2053550
1994150
2050610
2004000
1954120
1980370
1956900
1979010
1979770
1978310
1950010
2052440
1953260
2020440
1999200
2023570
2024250
1956970
1968370
2010190
2025430
1954730
1966790
1993130
1963100
2026210
2012980
1960690
2017470
2052400
1999340
2018200
1957470
2026110
2001390
2023290
1951570
2026600
1966510
1964910
2051260
1952600
1980640
1952940
2015290
2002960
1966990
1997600
1959320
1964730
2054490
1971030
2055640
1958480
2017690
1969450
1956870
1963770
1972210
1957950
2001490
1958080
1974430
1960390
1982400
2051810
2013810
1986110
2018620
1997100
2008150
2056660
2012860
2012640
1982890
2009660
2020600
2009060
1978120
1915570
1991740
1987180
1400500
1995610
2057160
2027320
2005450
2015970
2024180
2057050
1998210
2000660
1964550
2023470
1986220
2007340
2027900
1993690
1970190
1965080
2011280
2020290
1990970
1967730
1968090
2003120
1968900
2016150
2022580
2051860
2053180
1969540
1979840
2052800
1990950
2027950
1973480
2000410
2003290
1984280
2023100
1998080
1995020
2003980
2053150
2021810
2023870
2015570
2025350
2056350
1975130
2021400
1996560
2015400
2020350
2027990
1984100
2011090
2055250
1977790
2017390
2015800
2015730
2011930
1938570
2008340
1996170